55297
51203
6147
2058
83985
55315
10267
94234
79901
6176
4129
94240
51236
6185
10282
127018
10283
131118
55340
10285
4141
55342
47
10289
282679
52
4153
51257
6201
51258
10300
55357
57409
2113
8260
10314
4172
4173
139341
4179
51283
55379
86
6233
51290
53340
10342
51303
10346
79980
10357
2165
51319
2167
6272
4233
6281
80011
10379
80010
4236
8334
142
8337
8338
2195
10393
57498
8349
4256
10404
6310
389289
51377
8370
6322
125113
4283
84163
51397
51399
653505
51406
221395
6352
8404
55508
57559
8407
200931
10473
10475
55532
10479
114928
51441
2289
6386
6388
10486
6391
2296
57594
8443
6396
221443
8449
55556
4358
80135
51471
8463
84240
57619
28957
10525
55585
84260
10535
28969
10537
90411
8490
28972
80173
84272
28978
51506
22836
51510
6455
28985
51514
57659
84284
51517
317
10561
57665
51522
221504
55619
28998
55622
28999
51527
51528
10569
26953
84298
26959
84310
84313
51545
51547
84319
55646
8544
84320
22882
57700
22885
55656
22889
80232
51562
8554
196968
6507
55661
8559
90480
51574
377
10621
8573
55681
22916
22918
22920
55689
51594
22926
22929
389524
22931
51603
55699
51604
340371
63895
29081
55705
51611
29085
8605
29089
10657
29091
55715
51621
55717
22950
55718
10664
29097
10667
63915
29102
10672
8624
80304
6578
55731
51637
51639
2487
117177
55737
8634
29116
55741
51646
65982
152002
51649
51650
55746
6594
84418
8645
10695
8647
6599
55752
8649
51659
57804
6605
51663
51668
8660
6613
90580
80345
55768
55769
8667
6619
6631
10728
84458
10732
23022
10735
133619
2547
6643
27125
23029
10749
51720
170506
523
6668
10765
143884
23054
8723
6675
2580
6678
10776
8733
92703
55839
10786
23075
55845
549
152100
55847
10791
55848
84520
51755
8751
133686
55863
567
10817
51780
8772
2629
2631
6728
6729
256586
23113
2634
6731
587
55884
6732
90701
55892
440915
158293
6745
6746
168537
27230
51808
168544
27238
4711
8813
27248
10866
162417
64116
27252
2677
27257
27258
8826
6781
23165
10877
402055
8833
152195
4738
64132
8836
644
645
6790
648
8853
55958
115353
2719
2720
115361
84641
55971
27300
677
55974
4774
88745
10923
4780
23215
8881
8882
23219
27316
90806
23223
375484
8892
23228
6845
285381
10950
8905
27338
2764
23247
10960
100507436
2773
64216
23258
10972
6879
64225
56034
10978
2787
6883
4835
8933
2790
2791
6888
6890
10989
6894
92912
754
2803
4864
150275
344838
11014
6921
84749
8974
8975
23321
4893
8991
8992
11040
6948
58155
4907
813
54069
84791
9016
441150
23353
23355
11068
4925
64318
11073
2882
144193
64327
11082
6990
9039
2896
9044
9045
4952
9055
154467
868
9061
871
7016
11118
90990
201595
158586
890
2941
23424
900
56204
64397
9101
23438
914
9107
2968
201626
84888
123803
7070
2976
928
23456
84896
84899
252839
254887
9126
23462
9129
7082
7083
11179
84909
23469
64431
2995
11188
152503
494514
84918
84925
11196
3006
441272
7103
84928
5058
7107
3014
3015
972
23503
7123
84948
988
991
23521
9188
1003
11243
9197
3054
23536
84976
9204
7159
3066
84986
1020
11260
84988
9213
91137
11266
3078
23560
3080
11275
23568
56339
9235
3106
7203
3107
5159
1066
23595
1069
11311
255027
3122
5175
23609
3131
128061
23612
9276
3133
3134
252995
60481
3140
5189
11334
54345
128077
3148
29775
60496
11344
7257
1119
9320
58475
9325
58478
3189
134266
58488
5243
136319
58493
113791
7296
1152
7298
9349
81031
58503
9352
58505
1163
1164
91283
1176
79005
56478
5279
5284
7334
7336
79020
400566
60592
64689
199857
23731
54453
9403
441531
79036
259266
9410
5318
7371
3280
60625
7381
5335
7385
7388
79073
29920
115939
54499
132321
9443
54502
64743
3303
54504
64744
3304
54505
29929
64746
163049
64747
7405
9453
5358
25840
54512
25842
64754
7411
3315
85236
25847
29948
25853
1277
1278
3326
79102
1281
1282
9475
1284
64773
54534
7431
5383
25865
54537
3337
64778
29964
25870
60686
9488
7450
29978
7453
64801
1314
79139
5411
159013
79142
283951
9521
50484
25909
167227
9531
7485
116028
9535
79169
25924
1349
5445
56650
1363
25940
64852
1366
79191
9559
7514
9562
56667
7515
134492
3422
284004
286053
3429
25959
5480
56681
5481
3433
1387
7532
134510
9581
5493
25978
7553
25994
3476
5525
134548
85403
284058
85406
5538
3490
26020
9643
126382
5552
9650
9652
91574
9656
3512
93627
5564
5565
26046
116159
140738
5573
136647
1478
130502
5583
9684
9690
3550
9697
1512
146923
26092
65005
1519
26097
65010
5625
9724
83452
79364
9736
140809
116236
26128
54802
206358
3608
83483
3612
65056
1577
153129
3627
9775
5687
65080
1595
9788
147007
171586
5696
9792
54851
1603
56900
56901
3654
3656
24139
5708
24144
3664
5716
7764
65110
81494
9819
261726
9821
7779
3685
9836
7803
81533
3709
7805
1665
54914
9861
3720
116362
54925
1678
54927
54928
81552
5782
9878
54935
136853
83608
56985
56986
56987
50848
26277
124583
81575
7846
9897
57002
5813
345778
54969
57019
7869
5824
54978
5828
9926
81608
5834
83658
81610
57035
54988
9933
57037
9935
81619
91860
118487
81627
57050
55006
55008
9960
5867
116461
55023
7920
65265
26355
9972
83700
5880
9978
1786
3837
3838
3839
9988
9991
57099
79630
79637
55062
5911
81689
10009
81688
440093
55069
79650
5929
5931
548644
57132
57134
1841
7988
50999
79673
10040
130872
51001
1857
10050
51010
5955
79685
51014
3912
5962
51018
79693
112464
57169
51026
51027
51029
55127
79711
3934
5984
3936
10081
1890
79714
5987
126823
55144
5993
5996
10092
51053
1901
112495
55151
10096
51056
55157
6009
51068
8065
51074
55172
79752
51081
10130
6035
55188
3988
51093
51094
26519
51099
6050
55204
4005
55207
51115
255919
51119
51122
94134
55224
348093
81853
51133
51138
55236
157638
10180
1992
59343
51155
55252
59349
55255
153562
51164
221154
51170
83941
83940
10213
4069
79844
6119
51182
6129
6130
4082
253943
51192
6139
10236
