80896
56833
51203
1540
6664
1033
9232
10257
7185
55313
1043
9235
3606
54806
83481
1048
4121
1058
55843
10276
3109
1063
9768
3624
9770
3627
84525
3117
9262
10288
1075
3123
3128
6713
9787
57405
55872
64581
4680
2633
586
11339
2123
2124
55885
4173
4688
28755
3669
597
23643
3676
64092
1118
30817
6241
51303
3687
9319
9833
3689
8809
10859
9837
28785
113
51316
9332
9846
3702
6775
7292
7804
28797
7805
641
7298
28803
51334
6790
8840
1164
6286
2191
4751
54928
64151
5788
2207
10911
56992
2209
27299
10403
5284
2212
50852
2214
2215
7852
23213
695
4283
9404
701
28862
259266
10437
1733
199
29899
6348
1230
9935
6351
5329
9938
6355
1236
6356
29909
4312
4314
6362
3292
5341
4318
4320
4321
4322
79075
9955
6373
28902
4327
9447
28391
28904
28395
4332
54509
55024
7412
3832
11004
11006
9473
11010
6402
1794
7940
6404
158471
7941
11015
1289
28425
1290
22795
22797
1293
2833
28434
1300
1301
28442
28444
28445
8477
2335
1824
10018
28452
7462
1833
3371
3373
28461
813
9518
6966
2359
51514
9023
3394
79682
10563
2885
332
10578
8530
50515
341
6999
1368
1880
9051
5979
3932
9055
9056
3937
866
1893
8038
6503
23406
9582
28526
5999
90993
79731
6004
8564
3957
25975
890
9595
55165
3965
57214
10112
27010
10635
913
914
915
91543
55704
923
93594
1439
930
9123
931
6571
7083
939
3500
9133
9134
942
55215
11184
5552
4016
8115
3507
1462
952
3001
3002
3003
79802
22974
5054
958
26047
4033
27074
962
963
969
51659
5579
8140
972
973
974
4050
80342
983
26585
7130
10203
28638
28639
991
4069
2533
3561
10734
1520
7153
1009
3059
4085
6646
131578
27132
11262
9214
